0.26250000000000007 0.26250000000000007 0.18750000000000003 0.15000000000000002 0.075000000000000011 0.0 0.0 0.0 0.0 0.0 0.0 0.0 0.0 0.0 0.0 0.0 0.0 0.0 0.0 0.0 -0.0012097213743528937 -0.0024194427487057874 -0.0048388854974115748 -0.0060486068717644685 -0.0031472585673208899 0.0074943235389778448 0.0087040449133307385 0.011123487662036524 0.012333209036389417 0.0094318607319458375 0.0 0.0 0.0 0.0 0.0 0.0 0.0 0.0 0.0 0.0 0.0 0.0 0.0 0.0 0.0 0.0 0.0 0.0 0.0 0.0 
0.26250000000000007 0.30000000000000004 0.22500000000000003 0.18750000000000003 0.11250000000000002 0.037500000000000006 0.0 0.0 0.0 0.0 0.0 0.0 0.0 0.0 0.0 0.0 0.0 0.0 0.0 0.0 -0.0012097213743528937 -0.0012097213743528937 -0.0036291641230586811 -0.0048388854974115748 -0.0019375371929679962 0.0087040449133307385 0.014024835966480104 0.016444278715185889 0.017654000089538782 0.014752651785095203 0.005320791053149366 0.0 0.0 0.0 0.0 0.0 0.0 0.0 0.0 0.0 0.0 0.0 0.0 0.0 0.0 0.0 0.0 0.0 0.0 0.0 
0.18750000000000003 0.22500000000000003 0.22500000000000003 0.18750000000000003 0.11250000000000002 0.037500000000000006 0.0 0.0 0.0 0.0 0.0 0.0 0.0017110684833077563 0.0017110684833077563 0.0017110684833077563 0.0017110684833077563 0.0017110684833077563 0.0 0.0 0.0 -0.0012097213743528937 -0.0012097213743528937 0.0094318607319458375 0.0082221393575929447 0.011123487662036524 0.021765069768335255 0.02708586082148462 0.016444278715185889 0.017654000089538782 0.014752651785095203 0.005320791053149366 0.0 0.0 0.0 0.0 0.0 0.0 0.0 0.0 0.0 0.0 0.0 0.0 0.0 0.0 0.0 0.0 0.0 0.0 0.0 
0.15000000000000002 0.18750000000000003 0.18750000000000003 0.18750000000000003 0.11250000000000002 0.037500000000000006 0.0 0.0 0.0 0.0 0.0 0.0 0.0017110684833077563 0.0025666027249616344 0.0025666027249616344 0.0025666027249616344 0.0025666027249616344 0.00085553424165387814 0.0 0.0 -0.0012097213743528937 -0.0012097213743528937 0.0094318607319458375 0.014752651785095203 0.017654000089538782 0.028295582195837513 0.033616373248986878 0.022974791142688147 0.017654000089538782 0.014752651785095203 0.005320791053149366 0.0 0.0 0.0 0.0 0.0 0.0 0.0 0.0 0.0 0.0 0.0 0.0 0.0 0.0 0.0 0.0 0.0 0.0 0.0 
0.075000000000000011 0.11250000000000002 0.11250000000000002 0.11250000000000002 0.11250000000000002 0.037500000000000006 0.0 0.0 0.0 0.0 0.0 0.0 0.0017110684833077563 0.0025666027249616344 0.0042776712082693907 0.0042776712082693907 0.0042776712082693907 0.0025666027249616344 0.0017110684833077563 0.0 -0.0012097213743528937 -0.0012097213743528937 0.0094318607319458375 0.014752651785095203 0.020073442838244568 0.030715024944543298 0.036035815997692663 0.025394233891393933 0.020073442838244568 0.014752651785095203 0.005320791053149366 0.0 0.0 0.0 0.0 0.0 0.0 0.0 0.0 0.0 0.0 0.0 0.0 0.0 0.0 0.0 0.0 0.0 0.0 0.0 
0.0 0.037500000000000006 0.037500000000000006 0.037500000000000006 0.037500000000000006 0.037500000000000006 0.0 0.0 0.0 0.0 0.00085553424165387814 0.00085553424165387814 0.0025666027249616344 0.0034221369666155126 0.0051332054499232688 0.010227322744642931 0.010227322744642931 0.0085162542613351731 0.007660720019681295 0.0059496515363735387 0.0 0.0 0.010641582106298732 0.015962373159448099 0.021283164212597464 0.021283164212597464 0.026603955265746829 0.015962373159448099 0.010641582106298732 0.005320791053149366 0.005320791053149366 0.0 0.0 0.0 0.0 0.0 0.0 0.0 0.0 0.0 0.0 0.0 0.0 0.0 0.0 0.0 0.0 0.0 0.0 0.0 
0.0 0.0 0.0 0.0 0.0 0.0 0.0 0.0 0.0 0.0 0.00085553424165387814 0.0017110684833077563 0.0034221369666155126 0.0042776712082693907 0.005988739691577147 0.01108285698629681 0.015321440039362592 0.013610371556054834 0.012754837314400955 0.0110437688310932 0.0050941172947196606 0.0 0.010641582106298732 0.015962373159448099 0.021283164212597464 0.021283164212597464 0.021283164212597464 0.010641582106298732 0.005320791053149366 0.0 0.0 0.0 0.0 0.0 0.0 0.0 0.0 0.0 0.0 0.0 0.0 0.0 0.0 0.0 0.0 0.0 0.0 0.0 0.0 0.0 
0.0 0.0 0.0 0.0 0.0 0.0 0.0 0.0 0.0 0.0 0.00085553424165387814 0.0017110684833077563 0.0017110684833077563 0.0025666027249616344 0.0042776712082693907 0.0093717885029890521 0.013610371556054834 0.023798606145494155 0.022943071903840276 0.021232003420532521 0.015282351884158982 0.010188234589439321 0.0 0.005320791053149366 0.010641582106298732 0.010641582106298732 0.010641582106298732 0.010641582106298732 0.005320791053149366 0.0 0.0 0.0 0.0 0.0 0.0 0.0 0.0 0.0 0.0 0.0 0.0 0.0 0.0 0.0 0.0 0.0 0.0 0.0 0.0 0.0 
0.0 0.0 0.0 0.0 0.0 0.0 0.0 0.0 0.0 0.0 0.00085553424165387814 0.0017110684833077563 0.0017110684833077563 0.0068051857780274169 0.0085162542613351731 0.013610371556054834 0.017848954609120615 0.028037189198559936 0.022943071903840276 0.021232003420532521 0.015282351884158982 0.010188234589439321 0.0 0.0 0.005320791053149366 0.005320791053149366 0.005320791053149366 0.005320791053149366 0.005320791053149366 0.0 0.0 0.0 0.0 0.0 0.0 0.0 0.0 0.0 0.0 0.0 0.0 0.0 0.0 0.0 0.0 0.0 0.0 0.0 0.0 0.0 
0.0 0.0 0.0 0.0 0.0 0.0 0.0 0.0 0.0 0.0 0.00085553424165387814 0.0017110684833077563 0.0017110684833077563 0.0068051857780274169 0.022682927116711486 0.027777044411431147 0.032015627464496932 0.042203862053936253 0.037109744759216592 0.021232003420532521 0.015282351884158982 0.010188234589439321 0.0 0.0 0.0 0.0 0.0 0.0 0.0 0.0 0.0 0.0 0.0 0.0 0.0 0.0 0.0 0.0 0.0 0.0 0.0 0.0 0.0 0.0 0.0 0.0 0.0 0.0 0.0 0.0 
-0.022354505234522801 -0.022354505234522801 -0.022354505234522801 -0.022354505234522801 -0.022354505234522801 0.0 0.0 0.0 0.0 0.0 0.0 0.00085553424165387814 0.00085553424165387814 0.0059496515363735387 0.021827392875057607 0.038300523668266757 0.042539106721332542 0.052727341310771864 0.047633224016052203 0.031755482677368135 0.015282351884158982 0.010188234589439321 0.0 0.0 0.0 0.0 0.0 0.0 0.0 0.0 0.0 0.0 0.0 0.0 0.0 0.0 0.0 0.0 0.0 0.0 0.0 0.0 0.0 0.0 0.0 0.0 0.0 0.0 0.0 0.0 
-0.022354505234522801 -0.033531757851784201 -0.033531757851784201 -0.033531757851784201 -0.033531757851784201 -0.0111772526172614 0.0 0.0 0.0 0.0 0.0 0.0 0.0 0.0050941172947196606 0.020971858633403728 0.037444989426612882 0.043134496175857628 0.05332273076529695 0.048228613470577289 0.032350872131893221 0.015877741338684068 0.010188234589439321 0.0 0.0 0.0 0.0 0.0 0.0 0.0 0.0 0.0 0.009938782160822085 0.009938782160822085 0.009938782160822085 0.009938782160822085 0.009938782160822085 0.0 0.0 0.0 0.0 0.0 0.0 0.0 0.0 0.0 0.0 0.0 0.0 0.0 0.0 
-0.022354505234522801 -0.033531757851784201 -0.055886263086307002 -0.055886263086307002 -0.055886263086307002 -0.033531757851784201 -0.022354505234522801 0.0 0.0 0.0 0.0 0.0 0.0 0.0050941172947196606 0.020971858633403728 0.037444989426612882 0.043134496175857628 0.054513509674347121 0.049419392379627461 0.033541651040943393 0.017068520247734236 0.011379013498489491 0.0 0.0 0.0 0.0 0.0 0.01987756432164417 0.01987756432164417 0.01987756432164417 0.01987756432164417 0.029816346482466255 0.009938782160822085 0.009938782160822085 0.009938782160822085 0.009938782160822085 0.0 0.0 0.0 0.0 0.0 0.0 0.0 0.0 0.0 0.0 0.0 0.0 0.0 0.0 
-0.022354505234522801 -0.033531757851784201 -0.055886263086307002 -0.067063515703568402 -0.067063515703568402 -0.044709010469045601 -0.033531757851784201 -0.0111772526172614 0.0 0.0 0.0 0.0 0.0 0.0056895067492447457 0.021567248087928814 0.038040378881137968 0.043729885630382714 0.055108899128872207 0.049419392379627461 0.033541651040943393 0.017068520247734236 0.011379013498489491 0.0 0.0 0.0 0.0 0.0 0.01987756432164417 0.029816346482466255 0.029816346482466255 0.029816346482466255 0.03975512864328834 0.01987756432164417 0.009938782160822085 0.009938782160822085 0.009938782160822085 0.0 0.0 0.0 0.0 0.0 0.0 0.0 0.0 0.0 0.0 0.0 0.0 0.0 0.0 
-0.022354505234522801 -0.033531757851784201 -0.055886263086307002 -0.067063515703568402 -0.089418020938091203 -0.067063515703568402 -0.055886263086307002 -0.033531757851784201 -0.022354505234522801 0.0 0.0 0.0 0.0 0.0056895067492447457 0.011379013498489491 0.027852144291698647 0.033541651040943393 0.044920664539432886 0.03923115779018814 0.033541651040943393 0.017068520247734236 0.011379013498489491 0.0 0.0 0.0 0.0 0.0 0.01987756432164417 0.029816346482466255 0.049693910804110425 0.049693910804110425 0.05963269296493251 0.03975512864328834 0.029816346482466255 0.009938782160822085 0.009938782160822085 0.0 0.0 0.0 0.0 0.0 0.0 0.0 0.0 0.0 0.0 0.0 0.0 0.0 0.0 
0.0 -0.0111772526172614 -0.033531757851784201 -0.044709010469045601 -0.067063515703568402 -0.067063515703568402 -0.055886263086307002 -0.033531757851784201 -0.022354505234522801 0.0 0.0 0.0 0.0 0.0056895067492447457 0.011379013498489491 0.011379013498489491 0.017068520247734236 0.028447533746223729 0.022758026996978983 0.017068520247734236 0.017068520247734236 0.011379013498489491 0.0 0.0 0.0 0.0 0.0 0.01987756432164417 0.029816346482466255 0.049693910804110425 0.069571475125754595 0.07951025728657668 0.05963269296493251 0.049693910804110425 0.029816346482466255 0.009938782160822085 0.0 0.0 0.0 0.0 -0.016865239619355651 -0.016865239619355651 -0.016865239619355651 -0.016865239619355651 -0.016865239619355651 -0.0091990329619720153 -0.0091990329619720153 -0.0091990329619720153 -0.0091990329619720153 -0.0091990329619720153 
0.0 0.0 -0.022354505234522801 -0.033531757851784201 -0.055886263086307002 -0.055886263086307002 -0.055886263086307002 -0.033531757851784201 -0.022354505234522801 0.0 0.0 0.0 0.0 0.0056895067492447457 0.011379013498489491 0.011379013498489491 0.011379013498489491 0.022758026996978983 0.017068520247734236 0.011379013498489491 0.011379013498489491 0.011379013498489491 0.0 0.0 0.0 0.0 0.0 0.01987756432164417 0.029816346482466255 0.049693910804110425 0.069571475125754595 0.069571475125754595 0.049693910804110425 0.03975512864328834 0.01987756432164417 0.0 0.0 0.0 0.0 0.0 -0.016865239619355651 -0.025297859429033474 -0.025297859429033474 -0.025297859429033474 -0.025297859429033474 -0.017631652771649839 -0.018398065923944031 -0.018398065923944031 -0.018398065923944031 -0.018398065923944031 
0.0 0.0 0.0 -0.0111772526172614 -0.033531757851784201 -0.033531757851784201 -0.033531757851784201 -0.033531757851784201 -0.022354505234522801 0.0 0.0 0.0 0.0 0.0056895067492447457 0.011379013498489491 0.011379013498489491 0.011379013498489491 0.011379013498489491 0.0056895067492447457 0.0 0.0 0.0 0.0 0.0 0.0 0.0 0.0 0.0 0.009938782160822085 0.029816346482466255 0.049693910804110425 0.049693910804110425 0.049693910804110425 0.03975512864328834 0.01987756432164417 0.0 0.0 0.0 0.0 0.0 -0.016865239619355651 -0.025297859429033474 -0.042163099048389129 -0.042163099048389129 -0.042163099048389129 -0.034496892391005493 -0.035263305543299678 -0.036796131847888061 -0.036796131847888061 -0.036796131847888061 
0.0 0.0 0.0 -0.0040620489117785203 -0.02641655414630132 -0.02641655414630132 -0.02641655414630132 -0.02641655414630132 -0.022354505234522801 0.0 0.0 0.0 0.0 0.0 0.0056895067492447457 0.0056895067492447457 0.0056895067492447457 0.0056895067492447457 0.0056895067492447457 0.0 0.0 0.0 0.0 0.0 0.0 0.0 0.0 0.0 0.0 0.01987756432164417 0.03975512864328834 0.03975512864328834 0.03975512864328834 0.03975512864328834 0.01987756432164417 0.0 0.0 0.0 0.0 0.0 -0.016865239619355651 -0.025297859429033474 -0.042163099048389129 -0.050595718858066956 -0.050595718858066956 -0.04292951220068332 -0.043695925352977505 -0.045228751657565888 -0.045995164809860073 -0.045995164809860073 
-0.0081240978235570405 -0.0081240978235570405 -0.0081240978235570405 -0.012186146735335562 -0.0040620489117785203 -0.0040620489117785203 -0.0040620489117785203 -0.0040620489117785203 0.0 0.0 0.0 0.0 0.0 0.0 0.0 0.0 0.0 0.0 0.0 0.0 0.0 0.0 0.0 0.0 0.0 0.0 0.0 0.0 0.0 0.0 0.01987756432164417 0.01987756432164417 0.01987756432164417 0.01987756432164417 0.01987756432164417 0.0 0.0 0.0 0.0 -0.0084326198096778254 -0.025297859429033474 -0.033730479238711301 -0.050595718858066956 -0.059028338667744783 -0.059028338667744783 -0.051362132010361147 -0.052128545162655332 -0.053661371467243701 -0.0544277846195379 -0.064393230733804097 
-0.016248195647114081 -0.016248195647114081 -0.016248195647114081 -0.0203102445588926 -0.012186146735335562 -0.0040620489117785203 -0.0040620489117785203 -0.0040620489117785203 0.0 0.0 0.0 0.0 0.0 0.0 0.0 0.0 0.0 0.0 0.0 0.0 0.0 0.0 0.0 0.0 0.0 0.0 0.0 0.0 0.0 0.0 0.0 0.0 0.0 0.0 0.0 0.0 0.0 0.0 0.0 -0.0084326198096778254 -0.0084326198096778254 -0.016865239619355651 -0.033730479238711301 -0.042163099048389129 -0.042163099048389129 -0.042163099048389129 -0.04292951220068332 -0.04446233850527169 -0.045228751657565888 -0.055194197771832085 
-0.016248195647114081 -0.0203102445588926 -0.0203102445588926 -0.02437229347067112 -0.016248195647114081 -0.0081240978235570405 -0.0040620489117785203 -0.0040620489117785203 0.0 0.0 0.0 0.0 0.0 0.0 0.0 0.0 0.0 0.0 0.0 0.0 0.0 0.0 0.0 0.0 0.0 0.0 0.0 0.0 0.0 0.0 0.0 0.0 0.0 0.0 0.0 0.0 0.0 0.0 0.0 -0.0084326198096778254 -0.0084326198096778254 -0.0084326198096778254 -0.025297859429033474 -0.033730479238711301 -0.033730479238711301 -0.033730479238711301 -0.033730479238711301 -0.035263305543299678 -0.036029718695593869 -0.045995164809860073 
-0.013500775538936971 -0.01756282445071549 -0.025686922274272529 -0.029748971186051049 -0.02162487336249401 -0.013500775538936971 -0.0094387266271584516 -0.0040620489117785203 0.0 0.0 0.0 0.0 0.0 0.0 0.0 0.0 0.0 0.0 0.0 0.0 0.0 0.0 0.0 0.0 0.0 0.0 0.0 0.0 0.0 0.0 0.0 0.0 0.0 0.0 0.0 0.0 0.0 0.0 0.0 -0.0084326198096778254 -0.0084326198096778254 -0.0084326198096778254 -0.0084326198096778254 -0.016865239619355651 -0.016865239619355651 -0.016865239619355651 -0.016865239619355651 -0.016865239619355651 -0.017631652771649839 -0.027597098885916046 
-0.010753355430759861 -0.01481540434253838 -0.022939502166095419 -0.025686922274272529 -0.017562824450715494 -0.0094387266271584516 -0.0053766777153799305 0.0 0.0 0.0 0.0 0.0 0.0 0.0 0.0 0.0 0.0 0.0 0.0 0.0 0.0 0.0 0.0 0.0 0.0 0.0 0.0 0.0 0.0 0.0 0.0 0.0 0.0 0.0 0.0 0.0 0.0 0.0 0.0 -0.0084326198096778254 -0.0084326198096778254 -0.0084326198096778254 -0.0084326198096778254 -0.0084326198096778254 -0.0084326198096778254 -0.0084326198096778254 -0.0084326198096778254 -0.0084326198096778254 -0.0084326198096778254 -0.018398065923944031 
0.0028655826091513984 -0.0011964663026271219 -0.0093205641261841637 -0.012067984234361274 -0.017562824450715494 -0.0094387266271584516 -0.0053766777153799305 0.0 0.0 0.0 0.0 0.0 0.0 0.0 0.0 0.0 0.0 0.0 0.0 -0.0083968886737726366 -0.0083968886737726366 -0.0083968886737726366 -0.0083968886737726366 -0.0083968886737726366 0.0 0.0 0.0 0.0 0.0 0.0 0.0 0.0 0.0 0.0 0.0 0.0 0.0 0.0 0.0 0.0 0.0 0.0 0.0 0.0 0.0048233595797060533 0.0048233595797060533 0.0048233595797060533 0.0048233595797060533 0.0048233595797060533 0.0 
0.016484520649062657 0.012422471737284137 0.004298373913727096 0.0015509538055499877 -0.0039438864108042315 -0.0094387266271584516 -0.0053766777153799305 0.0 0.0 0.0 0.0 0.0 0.0 0.0 0.0 0.0 0.0 0.0 0.0 -0.0083968886737726366 -0.016793777347545273 -0.016793777347545273 -0.016793777347545273 -0.016793777347545273 -0.0083968886737726366 0.0 0.0 0.0 0.0 0.0 0.0 0.0 0.0 0.0 0.0 0.0 0.0 0.0 0.0 0.0 0.0 0.0 0.0 0.0 0.0048233595797060533 0.031938426277279219 0.031938426277279219 0.031938426277279219 0.031938426277279219 0.027115066697573166 
0.016484520649062657 0.019231940757239767 0.011107842933682726 0.008360422825505618 0.0028655826091513979 -0.0026292576072028209 -0.0053766777153799305 0.0 0.0 0.0 0.0 0.0 0.0 0.0 0.0 0.0 0.0 0.0 0.0 -0.0083968886737726366 -0.016793777347545273 -0.020992221684431593 -0.020992221684431593 -0.020992221684431593 -0.012595333010658955 -0.0041984443368863183 0.0 0.0 0.0 0.0 0.0 0.0 0.0 0.0 0.0 0.0 0.0 0.0 0.0 0.0 0.0 0.0 0.0 0.0 0.0048233595797060533 0.031938426277279219 0.048621585720097851 0.048621585720097851 0.048621585720097851 0.043798226140391798 
0.013737100540885549 0.016484520649062657 0.016484520649062657 0.013737100540885549 0.0082422603245313284 0.0027474201081771096 0.0 0.0 0.0 0.0 0.0 0.0 0.0 0.0 0.0 0.0 0.0 -0.0041984443368863183 -0.0041984443368863183 -0.012595333010658955 -0.020992221684431593 -0.025190666021317913 -0.025190666021317913 -0.025190666021317913 -0.016793777347545273 -0.0083968886737726366 -0.0041984443368863183 0.0 0.0 0.0 0.0 0.0 0.0 0.0 0.0 0.0 0.0 0.0 0.0 0.0 0.0 0.0 0.0 0.0 0.0048233595797060533 0.031938426277279219 0.048621585720097851 0.081987904605735115 0.081987904605735115 0.077164545026029069 
0.010989680432708438 0.013737100540885549 0.013737100540885549 0.013737100540885549 0.0082422603245313284 0.0027474201081771096 0.0 0.0 0.0 0.0 0.0 0.0 0.0 0.0 0.0 0.0 0.0 -0.0041984443368863183 -0.0083968886737726366 -0.016793777347545273 -0.025190666021317913 -0.029389110358204233 -0.029389110358204233 -0.025190666021317913 -0.016793777347545273 -0.0083968886737726366 -0.0041984443368863183 0.0 0.0 0.0 0.0 0.0 0.0 0.0 0.0 0.0 0.0 0.0 0.0 0.0 0.0 0.0 0.0 0.0056085476750484826 0.010431907254754536 0.0375469739523277 0.054230133395146332 0.087596452280783596 0.093062516373505266 0.088239156793799206 
0.0054948402163542192 0.0082422603245313284 0.0082422603245313284 0.0082422603245313284 0.0082422603245313284 0.0027474201081771096 0.0 0.0 0.0 0.0 0.0 0.0 0.0 0.0 -0.024062500000000001 -0.024062500000000001 -0.024062500000000001 -0.028260944336886321 -0.032459388673772641 -0.0083968886737726366 -0.016793777347545273 -0.020992221684431593 -0.020992221684431593 -0.016793777347545273 -0.016793777347545273 -0.0083968886737726366 -0.0041984443368863183 0.0 0.0 0.0 0.0 0.0 0.0 0.0 0.0 0.0 0.0 0.0 0.0 0.0 0.0 0.0 0.0 0.0056085476750484826 0.021649002604851503 0.048764069302424662 0.065447228745243294 0.098813547630880558 0.10427961172360223 0.1007416611699274 
0.0 0.0027474201081771096 0.0027474201081771096 0.0027474201081771096 0.0027474201081771096 0.0027474201081771096 0.0 0.0 0.0 0.0 0.0 0.0 0.0 0.0 -0.024062500000000001 -0.072187500000000002 -0.072187500000000002 -0.076385944336886322 -0.080584388673772642 -0.056521888673772641 -0.0083968886737726366 -0.012595333010658955 -0.012595333010658955 -0.0083968886737726366 -0.0083968886737726366 -0.0083968886737726366 -0.0041984443368863183 0.0 0.0 0.0 0.0 0.0 0.0 0.0 0.0 0.0 0.0 0.0 0.0 0.0 0.0 0.0 0.0 0.0056085476750484826 0.021649002604851503 0.021649002604851503 0.038332162047670135 0.071698480933307399 0.077164545026029069 0.073626594472354229 
0.011572319142478001 0.0 0.0 0.0 0.0 0.0 0.0 0.0 0.0 0.0 0.0 0.0 0.0 0.0 -0.024062500000000001 -0.072187500000000002 -0.096250000000000002 -0.10044844433688632 -0.10464688867377264 -0.080584388673772642 -0.032459388673772641 -0.0083968886737726366 -0.0083968886737726366 -0.0041984443368863183 -0.0041984443368863183 -0.0041984443368863183 -0.0041984443368863183 0.0 0.0 0.0 0.0 0.0 0.0 0.0 0.0 0.0 0.0 0.0 0.0 0.0 0.0 0.0 0.0 0.0056085476750484826 0.021649002604851503 0.021649002604851503 0.021649002604851503 0.055015321490488767 0.06048138558321043 0.056943435029535597 
0.034716957427434005 0.023144638284956002 0.0 0.0 0.0 0.0 0.0 0.0 0.0 0.0 0.0 0.0 -0.012500000000000001 -0.012500000000000001 -0.036562499999999998 -0.084687499999999999 -0.10875 -0.13187500000000002 -0.13607344433688634 -0.11201094433688633 -0.063885944336886324 -0.039823444336886324 -0.0041984443368863183 0.0 0.0 0.0 0.0 0.0 0.0 0.0 0.0 0.0 0.0 0.0 0.0 0.0 0.0 0.0 0.0 0.0 0.0 0.0 0.0 0.0056085476750484826 0.021649002604851503 0.021649002604851503 0.021649002604851503 0.021649002604851503 0.027115066697573166 0.023577116143898336 
0.046289276569912004 0.034716957427434005 0.011572319142478001 0.0 0.0 0.0 0.0 0.0 0.0 0.0 0.0 0.0 -0.012500000000000001 -0.025000000000000001 -0.049062499999999995 -0.097187499999999996 -0.12125 -0.144375 -0.1434375 -0.11937500000000001 -0.071250000000000008 -0.047187500000000007 -0.011562500000000002 0.0 0.0 0.0 0.0 0.0 0.0 0.0 0.0 0.0 0.0 0.0 0.0 0.0 0.0 0.0 0.0 0.0 0.0 0.0 0.0 0.009540991012071641 0.025581445941874659 0.025581445941874659 0.025581445941874659 0.025581445941874659 0.016040454929803018 0.012502504376128189 
0.069433914854868009 0.057861595712390003 0.034716957427434005 0.023144638284956002 0.0 0.0 0.0 0.0 0.0 0.0 0.0 0.0 -0.012500000000000001 -0.025000000000000001 -0.049062499999999995 -0.097187499999999996 -0.12125 -0.144375 -0.1434375 -0.11937500000000001 -0.071250000000000008 -0.047187500000000007 -0.011562500000000002 0.0 0.0 0.0 0.0 0.0 0.0 0.0 0.0 0.0 0.0 0.0 0.0 0.0 0.0 0.0 0.0 0.0 0.0 0.0 0.0 0.009540991012071641 0.028622973036214923 0.028622973036214923 0.028622973036214923 0.028622973036214923 0.019081982024143282 0.0 
0.092578553139824007 0.081006233997346008 0.057861595712390003 0.046289276569912004 0.023144638284956002 0.0 0.0 0.0 0.0 0.0 0.0 0.0 -0.012500000000000001 -0.025000000000000001 -0.049062499999999995 -0.049062499999999995 -0.073124999999999996 -0.096250000000000002 -0.095312500000000008 -0.071250000000000008 -0.071250000000000008 -0.047187500000000007 -0.011562500000000002 0.0 0.0 0.0 0.0 0.0 0.0 0.0 0.0 0.0 0.0 0.0 0.0 0.0 0.0 0.0 0.0 0.0 0.0 0.0 0.0 0.009540991012071641 0.028622973036214923 0.047704955060358205 0.047704955060358205 0.047704955060358205 0.038163964048286564 0.019081982024143282 
0.081006233997346008 0.081006233997346008 0.057861595712390003 0.046289276569912004 0.023144638284956002 0.0 0.0 0.0 0.0 0.0 0.0 0.0 -0.012500000000000001 -0.025000000000000001 -0.049062499999999995 -0.049062499999999995 -0.049062499999999995 -0.072187500000000002 -0.071250000000000008 -0.047187500000000007 -0.047187500000000007 -0.047187500000000007 -0.011562500000000002 0.0 0.0 0.0 0.0 0.0 0.0 0.0 0.0 0.0 0.0 0.0 0.0 0.0 0.0 0.0 0.0 0.0 0.0 0.0 0.0 0.009540991012071641 0.028622973036214923 0.047704955060358205 0.057245946072429846 0.057245946072429846 0.047704955060358205 0.028622973036214923 
0.057861595712390003 0.057861595712390003 0.057861595712390003 0.046289276569912004 0.023144638284956002 0.0 0.0 0.0 0.0 0.0 0.0 0.0 0.0 -0.012500000000000001 -0.036562499999999998 -0.036562499999999998 -0.036562499999999998 -0.036562499999999998 -0.035625000000000004 -0.011562500000000002 -0.011562500000000002 -0.011562500000000002 -0.011562500000000002 0.0 0.0 0.0 0.0 0.0 0.0 0.0 0.0 0.0 0.0 0.0 0.0 0.0 0.0 0.0 0.0 0.0 0.0 0.0 0.019081982024143282 0.028622973036214923 0.047704955060358205 0.06678693708450148 0.076327928096573128 0.057245946072429846 0.047704955060358205 0.028622973036214923 
0.046289276569912004 0.046289276569912004 0.046289276569912004 0.046289276569912004 0.023144638284956002 0.0 0.0 0.0 0.0 0.0 0.0 0.0 0.0 0.0 -0.024062500000000001 -0.024062500000000001 -0.024062500000000001 -0.024062500000000001 -0.024062500000000001 0.0 0.0 0.0 0.0 0.0 0.0 0.0 0.0 0.0 0.0 0.0 0.0 0.0 0.0 0.0 0.0 0.0 0.0 0.0 0.0 0.0 0.0 0.0 0.019081982024143282 0.019081982024143282 0.038163964048286564 0.057245946072429846 0.06678693708450148 0.047704955060358205 0.047704955060358205 0.028622973036214923 
0.023144638284956002 0.023144638284956002 0.023144638284956002 0.023144638284956002 0.023144638284956002 0.0 0.0 0.0 0.0 0.0 0.0 0.0 0.0 0.0 0.0 0.0 0.0 0.0 0.0 0.0 0.0 0.0 0.0 0.0 0.0 0.0 0.0 0.0 0.0 0.0 0.0 0.0 0.0 0.0 0.0 0.0 0.0 0.0 0.0 0.0 0.0 0.0 0.019081982024143282 0.019081982024143282 0.019081982024143282 0.038163964048286564 0.047704955060358205 0.028622973036214923 0.028622973036214923 0.028622973036214923 
0.0 0.0 0.0 0.0 0.0 0.0 0.0 0.0 0.0 0.0 0.0 0.0 0.0 0.0 0.0 0.0 0.0 0.0 0.0 0.0 0.0 0.0 0.0 0.0 0.0 0.0 0.0 0.0 0.0 0.0 0.0 0.0 0.0 0.0 0.0 0.0 0.0 0.0 0.0 0.0 0.0 0.0 0.019081982024143282 0.019081982024143282 0.019081982024143282 0.027365521776101194 0.036906512788172835 0.017824530764029553 0.017824530764029553 0.017824530764029553 
0.0 0.0 0.0 0.0 0.0 0.0 0.0 0.0 0.0 0.0 0.0 0.0 0.0 0.0 0.0 0.0 0.0 0.0 0.0 0.0 0.0 0.0 0.0 0.0 0.0 0.0 0.0 0.0 0.0 0.0 0.0 0.0 0.0 0.0 0.0 0.0 0.0 0.0 0.0 0.0 0.0 0.0082835397519579138 0.027365521776101194 0.027365521776101194 0.027365521776101194 0.035649061528059106 0.027365521776101194 0.0082835397519579138 0.0082835397519579138 0.0082835397519579138 
0.0 0.0 0.0 0.0 0.0 0.0 0.0 0.0 0.0 0.0 0.0 0.0 0.0 0.0 0.0 0.0 0.0 0.0 0.0 0.0 0.0 0.0 0.0 0.0 0.0 0.0 0.0 0.0 0.0 0.0 0.0 0.0 0.0 0.0 0.0 0.0 0.0 0.0 0.0 0.0 0.0 0.0082835397519579138 0.028490766672559141 0.028490766672559141 0.028490766672559141 0.036774306424517053 0.028490766672559141 0.0082835397519579138 0.0082835397519579138 0.0082835397519579138 
0.0 0.0 0.0 0.0 0.0 0.0 0.0 0.0 0.0 0.0 0.0 0.0 0.0 0.0 0.0 0.0 0.0 0.0 0.0 0.0 0.0 0.0 0.0 0.0 0.0 0.0 0.0 0.0 0.0 0.0 0.0 0.0 0.0 0.0 0.0 0.0 0.0 0.0 0.0 0.0 0.0 0.0082835397519579138 0.028490766672559141 0.040414453841202451 0.040414453841202451 0.048697993593160363 0.040414453841202451 0.020207226920601225 0.0082835397519579138 0.0082835397519579138 
0.0 0.0 0.0 0.0 0.0 0.0 0.0 0.0 0.0 0.0 0.0 0.0 0.0 0.0 0.0 0.0 0.0 0.0 0.0 0.0 0.0 0.0 0.0 0.0 -0.0036575142366629485 -0.0036575142366629485 -0.0036575142366629485 -0.0036575142366629485 -0.0036575142366629485 0.0 0.0 0.0 0.0 0.0 0.0 0.0 0.0 0.0 0.0 0.0 0.0 0.0082835397519579138 0.028490766672559141 0.040414453841202451 0.064261828178489078 0.072545367930446997 0.064261828178489078 0.044054601257887849 0.032130914089244539 0.0082835397519579138 
0.0 0.0 0.0 0.0 0.0 0.0 0.0 0.0 0.0 0.0 0.0 0.0 0.0 0.0 0.0 0.0 0.0 0.0 0.0 0.0 0.0 0.0 0.0 0.0 -0.0036575142366629485 -0.010972542709988846 -0.010972542709988846 -0.010972542709988846 -0.010972542709988846 -0.007315028473325897 0.0 0.0 0.0 0.0 0.0 0.0 0.0 0.0 0.0 0.0 0.0036401474166853978 0.011923687168643312 0.032130914089244539 0.044054601257887849 0.067901975595174469 0.1011855153471324 0.092901975595174477 0.072694748674573248 0.060771061505929931 0.036923687168643311 
0.0 0.0 0.0 0.0 0.0 0.0 0.0 0.0 0.0 0.0 0.0 0.0 0.0 0.0 0.0 0.0 0.0 0.0 0.0 0.0 0.0 -0.0036575142366629485 -0.0036575142366629485 -0.0036575142366629485 -0.007315028473325897 -0.014630056946651794 -0.010972542709988846 -0.010972542709988846 -0.010972542709988846 -0.007315028473325897 0.0 0.0 0.0 0.0 0.0 0.0 0.0 0.0 0.0 0.0 0.0036401474166853978 0.0072802948333707956 0.027487521753972021 0.039411208922615334 0.063258583259901954 0.096542123011859882 0.11790197559517449 0.097694748674573256 0.085771061505929933 0.061923687168643313 
0.0 0.0 0.0 0.0 0.0 0.0 0.0 0.0 0.0 0.0 0.0 0.0 0.0 0.0 0.0 0.0 0.0 0.0 0.0 0.0 0.0 -0.0036575142366629485 -0.010972542709988846 -0.010972542709988846 -0.014630056946651794 -0.021945085419977688 -0.018287571183314741 -0.010972542709988846 -0.010972542709988846 -0.007315028473325897 0.0 0.0 0.0 0.0 0.0 0.0 0.0 0.0 0.0 0.0 0.0036401474166853978 0.0072802948333707956 0.010920442250056193 0.022844129418699503 0.04669150375598613 0.079975043507944044 0.10133489609125865 0.14769474867457325 0.13577106150592994 0.11192368716864332 
0.0 0.0 0.0 0.0 0.0 0.0 0.0 0.0 0.0 0.0 0.0 0.0 0.0 0.0 0.0 0.0 0.0 0.0 0.0 0.0 0.0 -0.0036575142366629485 -0.010972542709988846 -0.014630056946651794 -0.018287571183314741 -0.025602599656640634 -0.021945085419977688 -0.014630056946651794 -0.010972542709988846 -0.007315028473325897 0.0 0.0 0.0 0.0 0.0 0.0 0.0 0.0 0.0 0.0 0.0036401474166853978 0.0072802948333707956 0.010920442250056193 0.010920442250056193 0.03476781658734282 0.068051356339300734 0.089411208922615337 0.13577106150592994 0.16077106150592993 0.13692368716864331 
0.0 0.0 0.0 0.0 0.0 0.0 0.0 0.0 0.0 0.0 0.0 0.0 0.0 0.0 0.0 0.0 0.0 0.0 0.0 0.0 0.0 -0.0036575142366629485 -0.010972542709988846 -0.014630056946651794 -0.018287571183314741 -0.025602599656640634 -0.021945085419977688 -0.014630056946651794 -0.010972542709988846 -0.007315028473325897 0.0 0.0 0.0 0.0 0.0 0.0 0.0 0.0 0.0 0.0 0.0036401474166853978 0.0072802948333707956 0.010920442250056193 0.010920442250056193 0.010920442250056193 0.044203982002014107 0.065563834585328717 0.11192368716864332 0.13692368716864331 0.1869236871686433 
